# ヒント１時点

python3 hash_table.py functional_test
Functional tests passed!
0 0.199135
1 0.329489
2 0.465762
3 0.617412
4 0.859729
5 1.448485
6 1.791297
7 2.775767
8 4.014198
9 5.449701
10 6.242809
11 7.049256
12 7.668160
13 9.479953
14 10.154839
15 12.197712
16 12.295255
17 13.863679
18 14.814788
19 16.264387
20 17.930791
21 18.773594
22 21.658199
23 22.846336
24 23.457582
25 27.648671

# 再ハッシュ実装後

python3 hash_table.py functional_test
Functional tests passed!
0 0.286411
1 0.604883
2 0.427345
3 1.463435
4 0.649857
5 0.810797
6 4.540174
7 0.997567
8 1.217365
9 1.407326
10 1.656630
11 2.200013
12 3.248160
13 17.406588
14 2.352124
15 2.871966
16 3.543059
17 5.880042
18 7.297371
19 8.832030
20 9.950458
21 11.124704
22 12.379576
23 13.500902
24 13.973215
25 15.354434

# ハッシュ計算見直し後

 python3 hash_table.py functional_test
Functional tests passed!
0 0.106581
1 0.133069
2 0.083610
3 0.210448
4 0.088045
5 0.100244
6 0.428209
7 0.093705
8 0.101431
9 0.148317
10 0.121824
11 0.136380
12 0.155096
13 1.077990
14 0.114595
15 0.119357
16 0.228021
17 0.137360
18 0.152156
19 0.173744
20 0.389979
21 0.210125
22 0.247492
23 0.291004
24 0.313565
25 0.374495

# % 1000000009を追加した結果
 python3 hash_table.py functional_test
Functional tests passed!
0 0.098257
1 0.095174
2 0.051643
3 0.155465
4 0.056590
5 0.057399
6 0.336024
7 0.067147
8 0.061171
9 0.129104
10 0.088983
11 0.098008
12 0.135908
13 1.014185
14 0.075375
15 0.211050
16 0.138192
17 0.694298
18 0.223500
19 0.121639
20 0.331768
21 0.135713
22 0.104277
23 0.103585
24 0.105898
25 0.393563

# python3 hash_table.py performance_test
Functional tests passed!
0 0.093066
1 0.105482
2 0.057787
3 0.166255
4 0.058847
5 0.063361
6 0.326279
7 0.069561
8 0.069753
9 0.130601
10 0.074501
11 0.069172
12 0.078439
13 0.880293
14 0.069330
15 0.175162
16 0.083848
17 0.083391
18 0.102506
19 0.098326
20 0.285731
21 0.092221
22 0.093749
23 0.098335
24 0.103305
25 0.383663
26 0.103570
27 2.133561
28 0.103554
29 0.101268
30 0.117212
31 0.103684
32 0.113741
33 0.119323
34 0.112804
35 0.410794
36 0.117890
37 0.116822
38 0.122018
39 0.122230
40 0.129336
41 0.135169
42 0.132559
43 0.137292
44 0.677657
45 0.142499
46 0.142598
47 0.148596
48 0.154757
49 0.155396
50 0.157220
51 0.158259
52 0.166908
53 0.169966
54 0.171822
55 5.868618
56 0.149938
57 0.152946
58 0.177605
59 0.154485
60 0.152774
61 0.166770
62 0.172158
63 0.459265
64 0.271062
65 0.197471
66 0.201062
67 0.193149
68 0.181333
69 0.191419
70 0.186788
71 0.210016
72 0.214815
73 0.191198
74 0.196121
75 0.208513
76 0.201576
77 0.204073
78 0.206938
79 0.212349
80 0.214655
81 1.041202
82 0.219175
83 0.229431
84 0.233048
85 0.462226
86 0.305210
87 0.247731
88 0.247665
89 0.256379
90 0.245077
91 0.265891
92 0.283271
93 0.353657
94 0.285252
95 0.324515
96 0.349560
97 0.705696
98 0.442425
99 0.279834
Performance tests passed!